   0.0000000e+00   2.7799198e-01
   3.1415927e-02   3.3701304e-01
   6.2831853e-02  -9.2493391e-03
   9.4247780e-02   2.3417404e-02
   1.2566371e-01  -3.7336062e-01
   1.5707963e-01  -2.6043891e-01
   1.8849556e-01  -3.4411418e-01
   2.1991149e-01  -2.3113162e-01
   2.5132741e-01  -8.1990419e-01
   2.8274334e-01  -1.3986281e+00
   3.1415927e-01  -1.1455779e+00
   3.4557519e-01  -6.4655435e-01
   3.7699112e-01  -1.2798925e+00
   4.0840704e-01  -7.7499544e-01
   4.3982297e-01  -9.6429132e-01
   4.7123890e-01  -5.9320767e-01
   5.0265482e-01  -1.3773643e+00
   5.3407075e-01  -8.5001286e-01
   5.6548668e-01  -9.9602659e-01
   5.9690260e-01   1.5779383e-01
   6.2831853e-01  -2.2162558e-01
   6.5973446e-01   7.2354584e-02
   6.9115038e-01  -3.6949293e-01
   7.2256631e-01  -4.5298037e-02
   7.5398224e-01   1.8724092e-01
   7.8539816e-01   7.1741520e-01
   8.1681409e-01   5.6194843e-01
   8.4823002e-01   9.9377769e-01
   8.7964594e-01   4.8804330e-01
   9.1106187e-01   1.0881225e+00
   9.4247780e-01   1.1367474e+00
   9.7389372e-01   1.1025749e+00
   1.0053096e+00   1.7640421e+00
   1.0367256e+00   1.8318935e+00
   1.0681415e+00   1.8766591e+00
   1.0995574e+00   1.6230100e+00
   1.1309734e+00   2.3067211e+00
   1.1623893e+00   2.1604583e+00
   1.1938052e+00   2.0255765e+00
   1.2252211e+00   2.1129296e+00
   1.2566371e+00   2.0284288e+00
   1.2880530e+00   1.6237171e+00
   1.3194689e+00   1.9389191e+00
   1.3508848e+00   1.7346807e+00
   1.3823008e+00   1.6147391e+00
   1.4137167e+00   1.4742466e+00
   1.4451326e+00   1.5227406e+00
   1.4765485e+00   1.0396106e+00
   1.5079645e+00   1.6593566e+00
   1.5393804e+00   1.4228769e+00
   1.5707963e+00   1.1616597e+00
   1.6022123e+00   1.0337505e+00
   1.6336282e+00   7.2335515e-01
   1.6650441e+00   1.0653299e+00
   1.6964600e+00   6.7494421e-01
   1.7278760e+00   4.3939274e-01
   1.7592919e+00   8.7999494e-01
   1.7907078e+00   4.2634842e-01
   1.8221237e+00   2.9359815e-01
   1.8535397e+00   3.4500421e-01
   1.8849556e+00   2.0434702e-01
   1.9163715e+00   1.5516134e-01
   1.9477874e+00   1.1068570e+00
   1.9792034e+00   9.5064492e-01
   2.0106193e+00   6.9589658e-01
   2.0420352e+00   4.0701433e-01
   2.0734512e+00   6.2609685e-01
   2.1048671e+00   9.3689354e-01
   2.1362830e+00   1.3330169e+00
   2.1676989e+00   9.6974971e-01
   2.1991149e+00   8.9893451e-01
   2.2305308e+00   1.3062160e+00
   2.2619467e+00   1.9445759e+00
   2.2933626e+00   2.1543905e+00
   2.3247786e+00   2.3643900e+00
   2.3561945e+00   2.4102379e+00
   2.3876104e+00   2.6733337e+00
   2.4190263e+00   2.6831167e+00
   2.4504423e+00   3.1795057e+00
   2.4818582e+00   2.7696153e+00
   2.5132741e+00   3.3512959e+00
   2.5446900e+00   3.1318088e+00
   2.5761060e+00   3.3434069e+00
   2.6075219e+00   3.6232047e+00
   2.6389378e+00   3.7757704e+00
   2.6703538e+00   3.2394120e+00
   2.7017697e+00   3.8077491e+00
   2.7331856e+00   3.6018193e+00
   2.7646015e+00   3.3343544e+00
   2.7960175e+00   3.1877015e+00
   2.8274334e+00   3.0386578e+00
   2.8588493e+00   2.8463186e+00
   2.8902652e+00   2.7308792e+00
   2.9216812e+00   2.5168173e+00
   2.9530971e+00   2.4674512e+00
   2.9845130e+00   2.3802037e+00
   3.0159289e+00   1.8360904e+00
   3.0473449e+00   1.3742452e+00
   3.0787608e+00   1.2799166e+00
   3.1101767e+00   8.5937738e-01
   3.1415927e+00   2.4255811e-01
